%%

data = [2015 354 15  0   13.60    1.00    3.90  -11.74
2015 354 15  1   12.60   -1.34   -2.35  -12.28
2015 354 15  2   12.75   -1.74   -2.56  -12.35
2015 354 15  3   13.34   -2.00   -2.29  -12.97
2015 354 15  4   13.15   -0.63   -1.88  -12.78
2015 354 15  5   13.28    0.51    1.35  -13.16
2015 354 15  6   13.89    2.06    3.35  -13.30
2015 354 15  7   14.24    1.43    3.47  -13.72
2015 354 15  8   14.00   -0.06    0.91  -13.63
2015 354 15  9   13.55   -2.49   -2.98  -12.97
2015 354 15 10   13.48   -2.44   -2.63  -12.99
2015 354 15 11   13.57   -2.08   -2.09  -13.23
2015 354 15 12   13.39   -2.13   -2.23  -13.01
2015 354 15 13   13.29   -2.66   -3.28  -12.59
2015 354 15 14   13.66   -3.17   -4.29  -12.56
2015 354 15 15   14.03   -1.81   -3.36  -13.43
2015 354 15 16   13.99   -2.22   -5.24  -12.76
2015 354 15 17   14.62   -3.23   -5.90  -12.97
2015 354 15 18   14.83   -3.77   -4.87  -13.48
2015 354 15 19   14.82   -0.69    0.74  -14.57
2015 354 15 20   15.68   -0.55   -0.35  -15.44
2015 354 15 21   15.82   -0.43    1.28  -15.68
2015 354 15 22   15.86   -0.82    0.96  -15.75
2015 354 15 23   15.95   -0.77    1.03  -15.87
2015 354 15 24   15.97   -0.72    0.17  -15.94
2015 354 15 25   15.93   -0.47    0.22  -15.91
2015 354 15 26   15.46    0.00    0.65  -15.42
2015 354 15 27   15.63   -0.12    1.03  -15.58
2015 354 15 28   15.10    0.05    1.68  -14.97
2015 354 15 29   14.57   -0.66    1.74  -14.43
2015 354 15 30   14.55   -1.20   -0.08  -14.45
2015 354 15 31   14.60   -1.84   -0.28  -14.39
2015 354 15 32   14.34   -1.34    0.40  -14.27
2015 354 15 33   14.47   -0.44    1.66  -14.28
2015 354 15 34   15.20   -1.05    0.59  -15.09
2015 354 15 35   15.41   -0.88   -0.68  -15.37
2015 354 15 36   15.52   -0.80   -0.40  -15.50
2015 354 15 37   15.60   -0.76   -0.37  -15.58
2015 354 15 38   15.71   -1.43   -1.24  -15.58
2015 354 15 39   15.72   -1.71   -2.57  -15.38
2015 354 15 40   15.69   -1.81   -3.06  -15.27
2015 354 15 41   15.75   -2.05   -3.34  -15.24
2015 354 15 42   15.78   -1.93   -3.17  -15.33
2015 354 15 43   15.80   -1.92   -2.81  -15.43
2015 354 15 44   15.83   -1.63   -2.71  -15.50
2015 354 15 45   15.72   -1.82   -2.86  -15.34
2015 354 15 46   15.55   -2.11   -3.58  -14.98
2015 354 15 47   15.40   -0.45   -1.85  -14.97
2015 354 15 48   15.36   -0.27   -2.03  -15.19
2015 354 15 49   15.65   -1.17   -3.07  -15.29
2015 354 15 50   15.62   -0.87   -3.13  -15.27
2015 354 15 51   15.59    1.56   -1.10  -15.42
2015 354 15 52   15.53    1.58   -0.75  -15.42
2015 354 15 53   15.48    1.28   -1.37  -15.33
2015 354 15 54   15.42    1.46    0.19  -15.34
2015 354 15 55   15.53    1.65    0.38  -15.44
2015 354 15 56   15.55    1.48    0.43  -15.45
2015 354 15 57   15.57    0.98    1.34  -15.44
2015 354 15 58   15.12    1.40    1.06  -14.99
2015 354 15 59   14.92   -0.10    1.22  -14.70
2015 354 16  0   14.97    2.23    0.07  -14.77
2015 354 16  1   14.94    1.76    0.21  -14.83
2015 354 16  2   14.85    0.35   -0.59  -14.42
2015 354 16  3   14.88   -2.18   -2.19  -14.22
2015 354 16  4   14.78   -2.65   -2.65  -14.23
2015 354 16  5   14.83   -2.49   -2.61  -14.37
2015 354 16  6   14.81   -2.37   -2.55  -14.37
2015 354 16  7   14.74   -1.71   -2.93  -14.34
2015 354 16  8   14.76   -1.64   -2.61  -14.44
2015 354 16  9   14.84   -1.55   -2.30  -14.58
2015 354 16 10   14.92   -1.53   -2.16  -14.68
2015 354 16 11   14.96   -1.61   -2.14  -14.72
2015 354 16 12   14.91   -1.48   -2.20  -14.67
2015 354 16 13   14.86   -1.45   -2.29  -14.61
2015 354 16 14   14.66   -1.42   -2.21  -14.43
2015 354 16 15   14.70   -1.52   -1.97  -14.50
2015 354 16 16   14.76   -1.48   -1.75  -14.59
2015 354 16 17   14.80   -1.67   -1.75  -14.60
2015 354 16 18   14.65   -1.65   -1.51  -14.48
2015 354 16 19   14.77   -1.71   -0.92  -14.64
2015 354 16 20   14.77   -1.53   -1.14  -14.64
2015 354 16 21   14.73   -1.70   -1.07  -14.59
2015 354 16 22   14.67   -1.85   -1.17  -14.50
2015 354 16 23   14.73   -1.60   -0.67  -14.63
2015 354 16 24   14.79   -1.67   -0.81  -14.66
2015 354 16 25   14.69   -1.69   -0.51  -14.59
2015 354 16 26   14.68   -1.76   -0.52  -14.56
2015 354 16 27   14.75   -2.14   -1.16  -14.54
2015 354 16 28   14.76   -2.31   -1.02  -14.54
2015 354 16 29   14.85   -2.37   -0.88  -14.64
2015 354 16 30   14.85   -2.01   -1.15  -14.67
2015 354 16 31   14.90   -1.99   -0.89  -14.74
2015 354 16 32   14.93   -2.13   -0.79  -14.76
2015 354 16 33   14.93   -1.87   -0.31  -14.81
2015 354 16 34   14.92   -1.54    0.73  -14.82
2015 354 16 35   14.93   -1.72    0.03  -14.83
2015 354 16 36   14.98   -1.89   -0.44  -14.84
2015 354 16 37   15.04   -2.13   -0.59  -14.87
2015 354 16 38   15.05   -1.96   -0.85  -14.89
2015 354 16 39   15.05   -2.42   -1.31  -14.78
2015 354 16 40   15.04   -1.91   -0.68  -14.89
2015 354 16 41   15.07   -1.67   -0.98  -14.94
2015 354 16 42   15.12   -1.65   -1.25  -14.96
2015 354 16 43   15.20   -1.73   -1.44  -15.02
2015 354 16 44   15.19   -2.13   -1.47  -14.96
2015 354 16 45   15.14   -2.53   -1.49  -14.84
2015 354 16 46   15.13   -3.33   -1.03  -14.72
2015 354 16 47   15.16   -3.57   -1.19  -14.69
2015 354 16 48   15.17   -3.06   -1.82  -14.74
2015 354 16 49   15.03   -2.88   -1.89  -14.62
2015 354 16 50   15.19   -3.32   -2.56  -14.59
2015 354 16 51   15.30   -3.33   -2.75  -14.68
2015 354 16 52   15.30   -3.46   -2.94  -14.61
2015 354 16 53   15.29   -3.63   -3.06  -14.54
2015 354 16 54   15.28   -3.70   -3.24  -14.46
2015 354 16 55   15.28   -3.60   -3.20  -14.49
2015 354 16 56   15.02   -3.35   -2.93  -14.34
2015 354 16 57   14.78   -3.05   -2.51  -14.23
2015 354 16 58   14.80   -3.10   -2.65  -14.22
2015 354 16 59   14.83   -3.47   -2.99  -14.09
2015 354 17  0   14.82   -3.91   -3.53  -13.84
2015 354 17  1   14.78   -3.60   -3.11  -13.98
2015 354 17  2   14.71   -3.80   -3.60  -13.73
2015 354 17  3   14.59   -4.33   -4.15  -13.29
2015 354 17  4   14.41   -4.38   -4.21  -13.06
2015 354 17  5   14.45   -4.10   -3.67  -13.36
2015 354 17  6   14.43   -4.06   -3.45  -13.42
2015 354 17  7   14.41   -3.93   -3.57  -13.39
2015 354 17  8   14.40   -3.78   -3.47  -13.45
2015 354 17  9   14.54   -3.42   -2.89  -13.79
2015 354 17 10   14.65   -3.04   -2.37  -14.13
2015 354 17 11   14.68   -3.03   -2.45  -14.15
2015 354 17 12   14.70   -3.07   -2.69  -14.12
2015 354 17 13   14.79   -2.66   -1.36  -14.46
2015 354 17 14   14.74   -2.99   -0.13  -14.42
2015 354 17 15   14.72   -3.55   -1.84  -14.13
2015 354 17 16   14.50   -3.55   -4.03  -13.45
2015 354 17 17   14.25   -4.18   -3.99  -13.02
2015 354 17 18   14.09   -4.07   -3.58  -12.99
2015 354 17 19   14.18   -3.90   -2.95  -13.31
2015 354 17 20   13.76   -4.01   -3.65  -12.64
2015 354 17 21   14.08   -4.30   -3.84  -12.83
2015 354 17 22   13.97   -3.97   -3.57  -12.91
2015 354 17 23   13.57   -3.30   -2.54  -12.92
2015 354 17 24   13.49   -3.56   -2.78  -12.70
2015 354 17 25   13.68   -3.68   -3.06  -12.79
2015 354 17 26   13.66   -4.12   -3.31  -12.59
2015 354 17 27   13.69   -3.95   -3.02  -12.75
2015 354 17 28   13.56   -3.64   -2.30  -12.85
2015 354 17 29   13.55   -3.72   -2.55  -12.75
2015 354 17 30   13.58   -2.42   -1.56  -13.27
2015 354 17 31   13.72   -2.90   -1.83  -13.27
2015 354 17 32   14.11   -2.92   -1.79  -13.68
2015 354 17 33   14.04   -3.18   -2.12  -13.50
2015 354 17 34   13.99   -3.71   -3.13  -13.07
2015 354 17 35   13.85   -4.19   -4.27  -12.47
2015 354 17 36   13.80   -4.46   -4.73  -12.16
2015 354 17 37   13.86   -4.49   -4.95  -12.13
2015 354 17 38   13.80   -4.53   -4.12  -12.33
2015 354 17 39   13.81   -4.03   -3.28  -12.79
2015 354 17 40   13.92   -3.80   -3.12  -13.01
2015 354 17 41   13.99   -3.43   -1.69  -13.45
2015 354 17 42   13.96   -3.42   -1.45  -13.44
2015 354 17 43   13.64   -2.74   -0.84  -13.34
2015 354 17 44   13.71   -2.84   -1.04  -13.37
2015 354 17 45   13.61   -2.67   -1.07  -13.30
2015 354 17 46   13.39   -2.63   -1.19  -13.08
2015 354 17 47   13.28   -2.36   -1.27  -13.00
2015 354 17 48   13.26   -2.26   -1.24  -13.01
